>> clear       
>> A=zeros(4,5)
A =

     0     0     0     0     0
     0     0     0     0     0
     0     0     0     0     0
     0     0     0     0     0

>> diag(A)
ans =

     0
     0
     0
     0

>> B=magic(3)
B =

     8     1     6
     3     5     7
     4     9     2

>> C=rand(3,4)
C =

    0.8147    0.9134    0.2785    0.9649
    0.9058    0.6324    0.5469    0.1576
    0.1270    0.0975    0.9575    0.9706

>> v=diag(C,2)
v =

    0.2785
    0.1576

>> tril(C)
ans =

    0.8147         0         0         0
    0.9058    0.6324         0         0
    0.1270    0.0975    0.9575         0

>> triu(C)
ans =

    0.8147    0.9134    0.2785    0.9649
         0    0.6324    0.5469    0.1576
         0         0    0.9575    0.9706

>> C=C(:,1:3)
C =

    0.8147    0.9134    0.2785
    0.9058    0.6324    0.5469
    0.1270    0.0975    0.9575

>> D=ones(2,3)
D =

     1     1     1
     1     1     1

>> E=eye(3)
E =

     1     0     0
     0     1     0
     0     0     1
>> 
